0 0.847334 0.095184 0.043297 0.117071
0 0.855591 0.209176 0.084557 0.120444
0 0.847144 0.324951 0.050060 0.117498
0 0.855384 0.437042 0.044633 0.128524
0 0.850286 0.553221 0.070257 0.119492
0 0.865260 0.668036 0.037995 0.125866
0 0.861230 0.778417 0.079422 0.129248
0 0.856680 0.895220 0.095101 0.123259
0 0.678357 0.099399 0.047724 0.137075
0 0.672675 0.230365 0.076678 0.134323
0 0.671450 0.363921 0.083569 0.151607
0 0.681911 0.496947 0.055650 0.133283
0 0.680126 0.629507 0.074719 0.138238
0 0.687286 0.764667 0.067031 0.144733
0 0.687690 0.893114 0.036977 0.155886
0 0.501195 0.118256 0.073256 0.164847
0 0.502112 0.269275 0.051032 0.155929
0 0.491373 0.423781 0.079026 0.171814
0 0.497331 0.578622 0.086921 0.169132
0 0.497124 0.729187 0.078032 0.160182
0 0.504202 0.884769 0.032177 0.141808
0 0.303437 0.124059 0.115226 0.172610
0 0.316312 0.263469 0.122040 0.171445
0 0.315930 0.425626 0.061968 0.153200
0 0.306047 0.574273 0.107785 0.162920
0 0.315092 0.720922 0.097998 0.189677
0 0.311924 0.881130 0.110296 0.165233
0 0.129593 0.125205 0.105016 0.192563
0 0.125753 0.318619 0.087348 0.185378
0 0.130781 0.503319 0.058495 0.178113
0 0.127472 0.681602 0.111060 0.197307
0 0.123571 0.864268 0.084407 0.199373