0 0.816971 0.152344 0.147265 0.185547
0 0.812062 0.323730 0.207574 0.151367
0 0.810659 0.504883 0.143058 0.181641
0 0.812062 0.677734 0.207574 0.156250
0 0.818373 0.860840 0.172511 0.184570
0 0.586255 0.159180 0.143058 0.191406
0 0.582749 0.328613 0.172511 0.182617
0 0.583450 0.506836 0.120617 0.189453
0 0.585554 0.683105 0.158485 0.184570
0 0.591865 0.857422 0.201964 0.185547
0 0.366760 0.122070 0.088359 0.140625
0 0.374474 0.254395 0.187938 0.143555
0 0.372370 0.382812 0.063114 0.136719
0 0.371669 0.507324 0.095372 0.127930
0 0.378682 0.639160 0.182328 0.104492
0 0.366760 0.760254 0.093969 0.131836
0 0.370266 0.891602 0.148668 0.128906
0 0.158485 0.123047 0.115007 0.123047
0 0.164797 0.234375 0.116410 0.117188
0 0.165498 0.343262 0.095372 0.114258
0 0.163394 0.450195 0.178121 0.128906
0 0.157784 0.566406 0.124825 0.125000
0 0.166199 0.673340 0.107994 0.124023
0 0.170407 0.785645 0.113604 0.114258
0 0.161290 0.896973 0.145863 0.127930