0 0.877799 0.136106 0.068360 0.150651
0 0.874356 0.280080 0.132298 0.026992
0 0.875872 0.433858 0.137951 0.133435
0 0.862487 0.576181 0.079569 0.159859
0 0.860127 0.728512 0.130861 0.151917
0 0.854011 0.872588 0.127830 0.155056
0 0.726120 0.111583 0.089605 0.109649
0 0.726064 0.224311 0.072633 0.118214
0 0.718951 0.335828 0.098617 0.125898
0 0.723481 0.449773 0.131733 0.113851
0 0.722164 0.560971 0.140030 0.101811
0 0.713321 0.664464 0.138661 0.115363
0 0.714033 0.771918 0.136012 0.125807
0 0.703747 0.881448 0.136238 0.106993
0 0.585147 0.121017 0.125516 0.136518
0 0.578077 0.243762 0.096364 0.127779
0 0.581292 0.374717 0.126951 0.125499
0 0.569648 0.504057 0.120340 0.139774
0 0.565185 0.627639 0.096392 0.120217
0 0.569216 0.747105 0.100288 0.133487
0 0.564171 0.871985 0.123144 0.097613
0 0.436271 0.156529 0.114056 0.100596
0 0.435267 0.324804 0.111629 0.131010
0 0.437481 0.490663 0.124774 0.111793
0 0.426571 0.673371 0.125253 0.108375
0 0.422493 0.835948 0.128712 0.120611
0 0.301583 0.131188 0.132594 0.130357
0 0.293167 0.284094 0.118712 0.172368
0 0.292544 0.427016 0.123565 0.113466
0 0.297593 0.570248 0.103632 0.151889
0 0.287086 0.707380 0.137036 0.149768
0 0.290782 0.848971 0.108648 0.128357
0 0.160512 0.115999 0.123216 0.109938
0 0.160342 0.224971 0.148037 0.102786
0 0.151820 0.336136 0.123576 0.103410
0 0.154782 0.442296 0.119695 0.118829
0 0.157059 0.545410 0.089272 0.115188
0 0.154370 0.652736 0.101731 0.133380
0 0.151691 0.759951 0.125967 0.108344
0 0.145098 0.872094 0.083427 0.114750