0 0.866655 0.165835 0.117038 0.118792
0 0.868387 0.341704 0.128612 0.075732
0 0.864955 0.507765 0.121121 0.128421
0 0.876328 0.674487 0.128851 0.168775
0 0.880849 0.848773 0.117707 0.117636
0 0.717031 0.137901 0.132438 0.110715
0 0.726991 0.263772 0.118795 0.136964
0 0.730436 0.382190 0.136462 0.114468
0 0.734099 0.510498 0.101682 0.138323
0 0.736808 0.627374 0.128657 0.093709
0 0.734816 0.754048 0.116103 0.103539
0 0.741859 0.876475 0.046352 0.124784
0 0.578192 0.143829 0.117866 0.149401
0 0.583186 0.290519 0.134234 0.133915
0 0.584660 0.437284 0.129832 0.133589
0 0.586706 0.578588 0.157859 0.137668
0 0.586090 0.725564 0.132591 0.145208
0 0.600057 0.866771 0.141902 0.131892
0 0.426877 0.123086 0.111214 0.106337
0 0.432475 0.230954 0.094290 0.109084
0 0.431826 0.342124 0.095495 0.104838
0 0.442412 0.453176 0.136399 0.115246
0 0.445160 0.559871 0.119265 0.108812
0 0.439487 0.666261 0.088511 0.116418
0 0.445098 0.775106 0.130209 0.107593
0 0.451419 0.884740 0.117768 0.118388
0 0.277357 0.164208 0.135875 0.082934
0 0.285525 0.335648 0.148361 0.084923
0 0.293615 0.505498 0.115488 0.173771
0 0.296143 0.675364 0.139526 0.085512
0 0.302793 0.843682 0.130534 0.122572
0 0.133180 0.136877 0.145204 0.114666
0 0.134626 0.260883 0.138938 0.048168
0 0.137855 0.374915 0.071154 0.134946
0 0.145617 0.499968 0.129452 0.119029
0 0.140710 0.621574 0.137961 0.029812
0 0.150584 0.748085 0.144188 0.106655
0 0.152584 0.867667 0.122518 0.135469