0 0.824770 0.148116 0.144251 0.153902
0 0.838219 0.290064 0.073054 0.149207
0 0.839874 0.436340 0.164561 0.167840
0 0.836440 0.578472 0.143196 0.153619
0 0.832861 0.715893 0.156820 0.145577
0 0.832159 0.855479 0.113830 0.147273
0 0.628282 0.129134 0.081015 0.112955
0 0.636732 0.238131 0.089242 0.117929
0 0.619140 0.342322 0.097682 0.119894
0 0.635658 0.447391 0.160711 0.137326
0 0.626849 0.559226 0.195243 0.115727
0 0.628723 0.666729 0.126670 0.119312
0 0.631736 0.766999 0.112949 0.106390
0 0.636846 0.876750 0.095122 0.112031
0 0.405486 0.131552 0.105000 0.140663
0 0.410439 0.256297 0.120432 0.135222
0 0.411221 0.374384 0.124723 0.134785
0 0.405625 0.494832 0.152935 0.140931
0 0.400752 0.623730 0.168579 0.138322
0 0.403893 0.751747 0.081573 0.126025
0 0.405198 0.869222 0.154739 0.139463
0 0.180802 0.128993 0.027249 0.124870
0 0.179048 0.254863 0.133126 0.125248
0 0.184562 0.378468 0.161794 0.141764
0 0.175293 0.504058 0.123388 0.144526
0 0.181751 0.626713 0.084693 0.135150
0 0.185907 0.754123 0.104804 0.127585
0 0.187081 0.884494 0.153697 0.138860