0 0.814607 0.106655 0.177440 0.130916
0 0.813219 0.232701 0.150252 0.143962
0 0.823756 0.357162 0.136501 0.140847
0 0.829260 0.485233 0.173530 0.148483
0 0.829920 0.617193 0.086216 0.138689
0 0.825941 0.743942 0.086317 0.136325
0 0.837217 0.872056 0.099132 0.136105
0 0.616233 0.121323 0.171412 0.143769
0 0.622459 0.266617 0.105720 0.158820
0 0.617865 0.418098 0.109914 0.167472
0 0.627904 0.566135 0.092004 0.155670
0 0.617962 0.707974 0.139648 0.157932
0 0.621027 0.864426 0.185014 0.167899
0 0.393480 0.090741 0.069672 0.121000
0 0.413594 0.206745 0.138181 0.143212
0 0.407344 0.318306 0.135680 0.130866
0 0.405657 0.432381 0.090550 0.116398
0 0.405187 0.545831 0.115298 0.121023
0 0.410628 0.662585 0.073998 0.117328
0 0.415932 0.772393 0.107670 0.109723
0 0.405800 0.888438 0.092531 0.128091
0 0.189188 0.132293 0.168154 0.190762
0 0.186516 0.308248 0.091821 0.195886
0 0.194157 0.492957 0.192244 0.173890
0 0.179560 0.664976 0.204587 0.177440
0 0.188030 0.847076 0.168572 0.204138